90437
96554
60632
81806
205
98838
41389
86764
45456
4460
5033
32370
64969
41023
3318
34749
85817
63456
18261
99730
77304
78387
76194
5723
89655
14010
9774
95012
54194
89366
89482
46962
42373
14588
66456
97515
8204
68094
68045
69693
8162
55687
89638
89014
19669
54850
75332
41814
40981
92788
86161
3671
16989
85275
2693
70125
83263
47647
7012
50260
61748
15560
29167
27244
86649
89575
6522
53036
18155
72286
29916
24602
78647
11879
96261
51746
39695
14549
650
41334
36286
59228
88591
60471
63419
3990
36379
40
59281
38157
56479
3377
21142
69031
45437
45297
7782
58770
3573
46415
40061
82077
59521
7573
31158
90671
56937
12456
43720
37240
6168
77295
85487
72269
18977
37145
25731
60144
53860
20260
93942
18823
85954
3019
11547
91708
37172
57736
72907
40801
76815
40596
38969
97841
82746
15913
68136
29219
86641
91418
67918
75967
4571
38606
37210
80138
92344
37768
17235
43891
22759
89144
30523
15462
75699
71814
20685
50855
14672
34422
39294
70480
11747
50445
92166
40136
31416
36538
39834
96165
29760
50849
71396
63379
42259
43800
61114
86550
92207
22005
92209
56691
64798
7743
505
91665
86027
48862
47933
26290
34910
53348
28386
40344
27384
52894
28040
67354
81839
70397
74807
27476
19293
55834
45966
32260
24913
9058
95397
89091
5647
82385
38787
76012
12035
61646
97560
78561
89130
74293
16211
65267
43974
32960
53513
54807
9456
3132
13147
38055
14646
9456
76842
63966
73928
33760
197
70866
73652
81701
30418
22939
90088
14899
85531
71311
41270
84016
85483
73370
96566
72742
35966
36523
30337
7985
14494
76830
96999
68407
98024
28510
33225
79441
13131
29355
78756
60790
13876
71733
65904
72542
62906
31424
77228
89480
92360
87953
82003
78504
41114
10202
26396
4090
80209
13902
49309
89260
75095
78013
73750
37828
11348
56220
83909
55652
63045
75945
92115
7011
45670
88728
35966
24007
4929
69928
23194
47361
56126
46656
883
18347
25628
94755
95897
40608
63482
6306
50645
97674
91935
115
23685
81850
93657
35391
66500
29910
88782
85420
25490
14358
41874
52453
18109
7462
35459
27921
11299
13696
21645
181
62373
21376
99523
44128
71630
56412
94184
24366
94307
66569
11583
99214
92762
83773
90213
15274
71630
61314
6045
22250
65124
10595
51871
40764
85567
90218
4244
64441
21142
88312
74803
32041
66749
89496
33217
16255
34724
77421
68936
24520
26635
49088
44306
21871
50914
51357
6335
69761
10724
85574
73350
32107
63608
25336
41621
49241
433
31423
45534
26646
16267
57125
65114
18408
91155
52098
82544
11165
33785
46086
95218
36467
27993
45540
1670
77201
1875
82732
77089
90757
88201
17905
68300
55099
68814
18445
79933
96245
34432
4345
1194
65598
48826
2920
41107
76517
1170
52634
16369
32647
6806
74514
27236
35842
77292
38229
59401
23231
72608
85769
27009
911
39562
70363
12757
68177
7588
51018
18981
48572
80644
17887
80781
93973
6597
20662
25856
60298
56674
91202
15934
23935
47600
28723
57612
13052
22461
13009
84703
40260
47066
49969
84522
30523
85976
23831
21127
26546
317
49460
75248
4934
69942
87955
79023
99713
61069
64685
26659
53366
38286
31080
64619
95283
96912
63505
4653
42246
74296
59666
93959
16523
77687
56440
50335
52353
67403
91879
16257
17577
12923
74584
98785
76997
49220
6032
25575
48334
90558
33406
98897
85923
77795
57952
62805
90511
82030
86282
36413
61612
34667
89287
50215
8062
74594
29540
18702
49847
56977
55767
72447
84327
30974
4881
30837
18763
69387
71474
1722
19519
31271
70857
14375
64051
45033
24925
94928
82552
10852
82316
26720
39584
27129
60082
92785
31124
38422
47515
53465
94755
89135
65085
5916
12098
25488
41674
26362
89516
188
15723
44084
26180
83813
11528
89378
72968
41339
63727
58936
83953
49835
94039
71768
56195
61565
24982
77096
96934
68559
23553
82223
60013
27529
58257
22771
88108
76948
40749
88600
7596
23912
35359
93321
92012
66282
52846
14402
38964
56690
36608
33106
19405
10537
84367
81323
59483
39677
37338
12893
66131
35196
42924
81796
8597
6129
98290
13383
26988
68835
59037
47505
91291
22652
14644
38625
11871
48568
65604
20715
89060
64853
41249
15639
13447
20669
93829
81826
74684
76200
88591
92729
76314
20777
40654
23165
671
754
11045
20328
75370
91485
66254
59887
7963
2810
16363
5560
5339
43033
79834
73674
11513
64402
59501
55260
83208
10663
240
10342
3404
97171
22565
4913
69519
43065
65575
76684
59005
88896
55155
27931
96534
28832
95599
52711
10178
60543
90848
31293
41560
85870
67828
3891
67322
37047
86059
39345
11988
56308
6505
78961
46777
23075
15401
93424
12044
45201
1044
7940
89436
69259
13933
49505
56858
70334
4739
93914
62087
24619
88593
21173
36819
79158
25608
55216
16668
63576
14115
32688
45688
71004
74051
31894
87229
97994
65219
3793
56129
45389
10031
5653
80706
52841
78329
60322
51035
39546
73703
67204
53658
56912
8586
26490
9266
75204
82909
10491
64584
19398
41303
60788
94245
25861
70736
78690
29077
93207
98534
14825
63593
15105
61681
44612
1337
37520
53986
23469
88697
16430
8767
19869
59932
36107
67848
95433
66909
9804
65219
21658
72222
16833
53673
34949
30872
91530
2541
77284
79831
49463
15144
1841
47321
15001
49917
10179
66766
77176
99498
32632
77648
99282
19447
50623
41263
72930
40759
67052
22017
55349
341
80543
52800
3595
59657
16907
50071
62503
38989
87963
73927
46854
58191
22088
18824
1785
63240
72219
98927
84543
11290
12607
15623
62504
34608
68564
28757
58938
26274
52373
42162
81486
20445
53103
5635
86954
6405
90680
9234
78030
32529
55253
54938
45154
22806
58133
71423
30866
3775
17732
20961
33065
37608
67842
54529
46009
13888
2783
2049
37432
5865
40958
98095
26247
59853
63038
15079
26591
24350
93585
32093
40358
3084
97583
6938
29139
20348
23555
16884
59274
82758
19734
90466
38971
39999
90887
62111
85693
8680
57438
91633
31351
25411
97928
41414
80545
17833
48034
87472
41862
84724
11079
74774
16708
1582
97522
91947
23691
56668
98245
2583
89643
63765
46427
33865
5084
57941
90567
83838
54062
33783
12131
34399
77949
64805
59614
38324
85925
46182
43764
9920
11540
38511
17330
54322
4679
28510
26995
62006
15127
49642
60565
54548
96413
94441
79155
5401
39249
30377
88548
13962
87364
98027
51512
12670
75103
89515
63515
88108
68941
33157
54337
9095
6119
61183
75127
2256
26557
35876
77107
55365
96662
5219
74877
19889
87540
67769
63589
64520
22169
67338
654
80053
73574
13718
31221
84386
24381
39589
11180
8362
27313
7588
35463
53784
491
58926
84223
79404
84510
31680
63689
90442
11869
19763
3650
82328
68619
85351
40266
95057
76350
28960
41524
54466
61150
45081
4337
55090
70430
96866
25688
89792
47098
5556
50110
84723
7866
11952
6397
72744
58825
93629
32530
70546
69447
13945
86359
88555
88242
15573
9666
77036
77956
98460
6829
21824
50324
82695
28708
71503
16431
92100
39053
19469
41823
65366
31322
41864
45013
24665
17047
14527
5428
71338
44564
66096
69296
22170
77384
57663
80810
10198
23462
34259
27005
91277
48780
60067
9146
60587
48645
54723
71335
55470
59789
44269
91707
53891
39337
74314
11734
31884
88093
90935
74650
9456
38002
31408
9010
90339
65364
97334
4648
93059
85687
77188
38500
77262
77286
44102
11567
32076
41165
21620
55866
74536
88934
70850
61875
48800
3405
44456
42025
78202
39735
48208
6677
55893
37127
40544
16006
1590
51667
46114
20497
18640
36913
93641
70173
55273
2398
70667
30557
43346
16904
37007
9457
49729
47055
33958
89508
11259
84784
23430
81278
42324
17276
65854
94497
21930
29132
16855
2031
60982
36574
63956
41537
71031
3823
70894
50043
85996
49679
66073
11480
68668
7453
80275
69375
97870
32640
78553
52476
56401
52236
41711
7038
3885
79862
11459
83918
63648
2520
80331
37685
82649
36392
12917
62232
51962
38405
72539
59408
84742
51001
69171
39176
88802
65235
43043
3706
78884
82249
24979
1116
67584
54798
27348
61192
1976
81452
55318
79060
96507
57506
30203
30571
99747
1307
92406
49089
74772
55884
94092
68674
84364
97730
21506
8025
85506
24371
71852
33146
12626
82029
38625
32337
40613
97841
67052
50132
13600
57034
37377
71065
90923
81909
69791
9315
53635
69792
26673
64781
22988
55781
57334
13605
89924
20236
77271
3840
54098
50809
89671
89113
13707
2968
24943
90752
5063
49987
16696
25378
79868
13363
47432
24558
2795
49122
75372
63699
75995
39036
41570
40630
60165
42404
29797
58383
64113
14636
63117
88682
24655
49342
74507
85651
40793
36251
41537
68034
11432
66504
97751
48118
96716
23294
88985
62795
95950
51500
49052
56393
46629
75812
64934
72889
67390
64163
84598
7579
64126
82562
83667
33381
53973
31950
47288
22377
37465
38067
22309
73992
51504
8378
98500
82917
95335
685
87903
49074
14241
29776
99223
78875
82782
72381
36357
93207
2399
6109
63464
61224
39860
58779
88374
17519
73772
82673
75014
11038
45621
67563
10865
17670
4062
30619
31360
34899
69889
1086
6181
79314
31574
64139
7890
16011
4398
80315
8794
88170
46023
98996
97413
73819
92047
87354
49841
5989
81131
59661
28958
6422
71494
28723
83995
68647
346
96352
31943
93250
47209
84055
66911
58086
63699
6350
61435
31526
49253
31832
20314
59885
79598
59410
72500
77958
46980
47852
98633
36361
10608
93969
48441
90394
66450
32208
84844
10956
85394
70627
34227
60346
11243
70933
90178
53832
95731
19339
86536
26134
36232
80045
42382
1610
9499
75877
81965
35308
41143
86488
25708
65094
23078
76528
12483
10687
72480
53246
32649
77719
8893
12402
97122
60891
21320
1858
6743
98674
85095
40358
17585
5569
60578
31200
9867
59899
17500
3857
8343
8620
65426
10354
75719
44758
26618
97026
97926
36728
16843
884
61719
74343
87577
15172
35883
32302
58943
15376
65244
14343
66016
80334
46102
60670
72622
86072
9922
61217
93115
66906
13750
54723
82985
33517
86396
65546
32805
43035
65876
58978
14284
1137
8183
64712
31134
26218
93997
42753
56303
7731
29375
28658
778
92134
96595
37296
41834
11298
77302
35510
77429
20090
63826
67199
22731
10481
69305
82237
92811
44598
40989
73699
47227
74080
34891
12436
83538
9804
10778
42617
25571
49220
59784
86774
60305
75508
78663
13432
79032
50866
27103
26355
73936
98380
15565
71367
99982
8416
54909
35132
71573
10008
40200
53761
99689
32257
1027
85058
83130
89734
23008
37755
8618
84336
53104
17860
57871
1694
73884
85203
23170
62331
10556
47204
34249
75592
89438
95762
44607
79306
1773
41912
64604
42885
12130
77811
53086
8205
53970
7918
60112
60316
13859
60177
26142
34526
7079
31113
1441
93683
41817
7141
75381
29374
67796
19618
97571
20186
88002
60975
60879
77404
18701
80366
18828
22448
35070
24065
47705
14999
8704
1628
96290
10972
91909
37675
3126
56809
8393
69810
60755
7634
1215
67314
29597
88336
27279
43461
1616
74419
42931
30501
43571
6393
54629
15854
68925
10874
18751
8281
907
34798
41530
226
8971
80164
56674
37096
30929
22779
16486
80507
4730
15307
52919
71235
6567
89370
57889
16827
53353
99445
77249
9718
5932
26438
31156
8715
36942
8711
17549
46535
26981
61546
27258
59052
57680
79873
23346
88530
87932
57916
70962
91243
4145
57260
31391
83005
83299
51265
76859
82679
68823
55101
3662
5490
86835
17260
82176
50516
73907
62053
18516
58915
39319
22788
86006
20310
85503
59053
1777
39605
18164
92211
16802
31566
53909
83872
76554
42267
87950
93665
50036
87281
31879
37895
82771
94333
66720
79001
32343
73515
29935
23136
51756
98865
24348
83251
612
11198
97601
10232
56420
45700
68956
13106
38391
28495
327
30957
38900
72244
31171
74449
27301
60791
48890
16279
92130
61988
90732
23076
76708
38878
44167
67340
9951
49018
12302
37260
82935
4663
518
6379
22398
39651
39742
71438
29747
95057
54389
71228
70870
48304
79069
98438
92171
84010
37624
4627
75206
86724
48029
54240
5396
6449
34859
5191
69972
49925
55214
71616
18610
19031
14711
53359
4061
55154
40633
56765
88569
16242
37473
97114
35699
16564
47039
29879
102
96722
69855
39336
14276
39314
70315
3942
96540
47686
78797
43432
2393
93103
2558
8292
50283
23342
78872
68616
63098
31674
96457
23596
78809
58080
6477
30833
74503
67358
24599
21970
25007
83757
63275
89648
27763
17066
91624
57301
81127
4156
76708
90833
98596
92687
63267
58317
56582
25073
8197
5013
11053
97315
9789
42541
70174
42361
36621
80022
69735
1791
79963
71434
77686
94036
64455
58556
12539
55634
51261
54896
60370
27232
28833
39699
7191
88542
81775
26850
14509
96188
84525
91108
39050
43435
8727
26214
78498
98511
78216
21504
99426
23106
29192
34694
6176
57660
21907
59809
1449
80469
28477
70146
17440
63403
98595
75452
52963
79622
18362
50408
60177
26701
39124
99348
32922
75017
83950
92803
65332
51257
8022
18576
88846
40457
6585
89353
85898
70051
52209
65876
87602
64455
59739
31850
69336
51461
41980
88423
62540
15870
64600
97490
88555
45305
16304
26968
94325
11443
81401
41527
46224
951
52597
21133
91492
89635
40099
40140
65535
48952
66734
21784
60224
49180
18872
2653
79183
11848
31318
31131
67296
32850
46521
19032
89337
13828
45723
68428
90535
2315
11324
45800
80839
94825
28213
584
2
78117
9801
64816
74427
2172
82430
7192
27936
45157
1869
11683
82375
44625
94709
12092
86103
9780
14484
58381
6784
69620
71776
28191
19355
39056
28335
75606
35665
82323
58332
58367
98107
3960
28210
63801
79501
40571
41453
49542
31606
75618
84638
28267
32816
97195
79296
18999
97977
49923
76257
32525
73999
7109
93202
57724
56877
94327
79770
68794
28694
46712
93268
44677
65246
4796
53745
78731
1213
88894
99693
44266
36649
36401
44671
63651
23467
19575
42020
76094
56910
13642
73314
3297
59707
8486
27113
46388
81490
65808
94800
75113
54455
33667
43688
25781
29260
85449
6701
46171
60462
99478
86303
88279
20664
25537
46420
75004
39329
73181
42327
46484
83843
91286
66396
39229
2719
33717
51247
47799
23968
51340
43095
42871
88828
95434
3275
48544
12610
71295
16926
76734
7760
39338
94431
41931
75368
9345
28575
22545
39578
73589
24918
64342
88927
15530
89369
27638
52941
76662
48346
32664
17067
72991
7060
41603
85119
79289
65015
50368
6616
81644
90801
89501
46637
44849
44100
34874
85459
15610
10893
95524
19875
38683
80543
32333
46957
72110
32787
89896
74419
26235
31718
45168
79336
29788
75039
49679
30713
49274
80575
53008
8740
38443
52590
28242
84836
98830
39958
39673
12525
64342
99014
44393
2899
40319
50931
64009
97535
92897
52107
12329
37742
33766
25107
74739
97979
60759
5767
64676
47146
31817
52036
63658
17360
5119
21845
12810
97174
15459
55250
69608
52590
47142
48118
62160
69233
69991
97967
57282
75085
4009
73661
12791
25377
3225
73998
40107
12270
264
49493
30199
84445
58876
56606
80867
57135
84019
60119
2839
90455
38655
43085
37357
28942
76551
51970
89975
55428
89672
4098
18186
33563
82243
81738
44769
12509
59417
5327
75655
16584
87495
43360
55938
79357
93850
77156
67484
42386
72594
67154
37106
8268
21759
21587
92134
76634
92615
39009
36130
35257
61362
441
4126
77212
26964
43015
92834
70614
95243
58269
22644
95261
21369
56465
14945
4615
64668
74832
64299
7898
15017
62424
31105
17944
62556
20836
45722
42466
59935
2862
1853
5094
11429
38706
57655
19881
72890
41615
48335
5098
55168
89142
13436
7787
46194
78537
50343
14181
64268
1962
41783
24820
42836
73299
93853
99380
99063
41724
57267
26809
35899
64460
83592
98051
5849
21077
57647
47349
3723
4068
4390
50682
69300
6562
1032
47808
14707
60913
57080
7554
66253
38889
27622
92948
63976
12345
8476
9710
45182
37704
92103
29166
52138
18303
96006
46366
62099
241
22291
64682
76484
39664
54903
71366
282
2810
581
125
72310
40325
74674
28859
42917
58686
61005
51994
90504
32971
49530
48739
54465
2078
99687
19780
39941
75732
80118
59565
13769
54373
5718
8493
5104
8623
72538
47191
15972
11409
39200
28084
31786
38946
19530
99082
8426
28276
29931
67380
67953
32528
20940
87586
44909
92427
23479
17696
99521
85807
10390
83368
4236
30189
25453
35906
64528
67056
35786
55574
4360
43495
8441
90413
64360
84993
73664
44611
51431
12246
88877
23604
47815
54277
65849
23689
46140
59321
69283
45940
65096
89804
75396
63032
27285
89056
14160
74313
97688
31121
91165
89277
85849
39106
19017
76179
95691
80070
2699
81720
46055
54001
535
34433
39497
75710
18653
92312
36222
97402
4543
27181
61531
71560
98939
23171
67203
92734
50254
77580
88058
88657
64320
44358
13926
19449
96904
15298
42998
72767
54232
60067
42227
15402
41438
53372
46615
68530
74980
42024
62456
21257
70626
53526
73064
25789
10885
10498
36932
98474
44958
92524
28227
69406
58039
23042
23499
87304
93774
72905
71606
97950
21569
32450
41853
95775
43172
64894
71449
43678
6676
1781
40815
58198
90690
66121
40939
82338
69412
47712
96457
85117
43958
50356
43437
97431
13789
2783
35245
52395
71077
88026
42331
85500
2361
30417
82841
77157
63480
27074
57945
71311
48814
17516
81787
98149
71
23247
88495
88178
52107
49049
81356
62482
53790
36026
32194
61015
85637
18211
76351
57622
55215
6080
63525
14655
46253
6199
58252
33861
90932
72085
41215
24821
55586
43826
90740
4076
85139
44038
63458
46216
25491
74421
77215
97863
10746
27858
28447
74360
1637
86221
16855
97425
6739
86547
52232
76453
43401
96950
74482
61481
19124
40518
63864
78210
10607
24149
73164
40449
85498
66271
21449
61049
19450
10200
95626
7078
4308
81355
23304
87637
9936
4767
24192
45554
98737
43952
56990
74754
50110
7689
84230
64320
68056
10216
89250
6064
31330
74826
5466
70406
34479
15613
10294
20886
8852
71432
71742
36724
39208
51072
58882
55869
68662
41009
90424
87587
24465
7059
98245
29921
7292
92884
4107
31912
24262
5633
98855
50729
98276
42418
93758
25003
43725
86914
59902
14186
94019
6024
1801
93530
16804
88840
80870
575
58645
98614
98548
41930
44183
53514
31744
26276
33395
55499
65763
60907
91003
88743
1390
27865
10592
48487
8518
68956
2072
39993
69719
15475
3259
5157
35727
46071
96719
77461
65560
71275
56538
98307
91581
61929
18222
83638
9348
5735
65370
10075
77155
72669
11458
54236
28844
36226
186
39413
16699
61321
3210
11067
73580
45005
1219
92140
18253
49900
95548
22461
81489
36833
61563
26122
89293
32309
81520
53769
72983
78588
84796
99310
99925
74794
76624
22418
15322
44351
90326
34571
84468
6967
60482
735
7567
77293
97096
17681
95855
59171
77120
25423
47959
14835
54913
38439
96847
87848
33670
68641
75872
63574
46790
67932
90795
27033
41471
517
1575
58389
12474
8438
99881
81320
7078
86731
72481
25873
5610
28738
52653
76644
12067
20047
56400
5539
81070
80024
21674
8056
17321
33103
75269
77789
60272
91191
26728
40866
90401
59362
70313
77663
80155
3830
67890
44391
44108
78362
72223
47477
71022
38288
23728
22207
11989
66460
80455
4764
50645
96810
14273
25978
23564
93970
89624
87249
54095
55985
74195
64642
77150
62815
21731
2667
69497
96675
89671
50089
12474
492
27040
31434
31590
94390
67885
41287
37059
46610
15320
47710
8015
20977
39836
18143
66554
61559
50101
38668
98840
89479
84517
66190
92964
96415
14628
66473
15040
23223
93148
10951
98178
52402
66487
84805
73245
33519
34766
9982
90344
14273
65461
10447
79169
23953
79957
44915
21288
11111
67639
70544
30497
48630
24357
28783
45166
625
61138
94767
26817
4943
182
27805
12641
43813
73982
55016
89070
83727
94611
9627
82732
75105
57975
46506
52975
30556
88031
84476
89866
77489
70376
13154
47110
63299
61150
1862
67383
4267
66297
29492
28918
75906
5040
66335
17770
36243
76850
8955
59657
62643
54163
43763
55654
9155
2842
52652
22625
39964
26127
69338
61767
37764
1969
79778
8879
38792
78858
71725
8934
21652
25700
27156
82007
69907
7760
25830
97802
468
6653
43897
45481
26795
63327
22516
44824
53058
40404
4730
86204
77443
45977
33880
41389
16962
25192
69198
63525
80204
99752
17197
64565
13865
78860
32690
27538
36545
39477
7117
80371
66057
12828
6123
57217
79265
35128
77737
3154
4723
88490
29408
86767
79954
39092
51747
20639
24992
23025
19327
21388
90272
66737
50750
83878
29223
74436
32430
76629
13294
58934
32918
33838
3201
96435
65588
12217
45373
56285
14431
60450
41799
67662
67199
28633
72043
62446
60514
74195
82990
10121
25396
12745
31388
15998
1951
82415
21555
57197
31654
27350
17531
37044
28784
80570
43703
84003
95384
16666
54044
78728
64986
50555
74072
56461
65630
22003
39618
31753
38942
35744
22078
63289
75860
26295
50280
72119
89520
30127
51140
95108
6157
86669
62359
14402
836
25977
96077
51535
35857
27785
8865
47654
72371
48023
39575
22652
26809
37653
66725
91654
97763
10375
83827
83444
52042
30176
96913
77209
53009
73701
11447
91643
42733
65506
55312
87642
9659
86294
59617
26826
54258
4196
40809
66691
9428
20207
28991
3810
89494
89486
47894
85139
8739
92836
10161
82087
44515
75224
85221
4200
73022
94485
95975
94987
53942
26284
13124
47355
19261
5539
77785
6532
28702
27273
15468
13532
56399
30740
3708
38368
15261
96824
61790
15635
60275
31183
93663
55027
27277
38271
57211
95783
99590
96733
12475
28183
66254
58315
25779
60847
81172
51786
42431
82401
83876
47422
45984
18564
53865
48907
94911
72790
79331
93812
36558
9757
40472
40436
16959
21564
98284
64396
14880
84650
68657
11688
99672
16792
99868
44683
5893
15161
93848
31713
99736
86164
41539
67597
57758
44561
51553
90356
14511
75354
92465
65538
16031
9764
8485
20929
89807
14384
21391
27669
58664
48427
53136
40924
4965
49052
95865
25426
55464
20639
66145
14184
32882
35244
2462
68160
761
99238
58761
3646
67121
8258
98125
79522
16301
74426
72604
54430
12459
46762
9697
24926
40590
36919
95995
64829
75670
34518
70630
49011
24201
56586
10785
90389
35949
99971
98873
96482
83945
25703
34824
74796
25208
30128
64021
90514
10115
23469
86667
70607
95397
3335
26220
49225
2567
38949
84048
31044
4733
84845
29877
38225
51899
65756
70537
81350
80005
5777
24130
88819
28340
36893
67060
85943
87058
71436
16666
58757
31348
57857
71509
47708
78906
45970
18498
88462
55179
61874
5309
17280
30276
82328
85934
69615
6361
60586
8899
84506
22437
96383
15136
46963
28936
55986
60614
30015
40905
53932
47929
229
8833
80819
88425
12510
62477
29813
69658
68075
18370
8485
894
95665
16652
75764
71169
40812
55662
66012
3331
84676
89974
46462
32201
89512
99581
12797
37358
59326
48645
50762
61579
76159
45353
77425
84754
23076
14489
70502
66207
64412
2543
98811
6238
67319
32442
49367
27684
79015
56713
2668
18190
69347
85879
83677
96992
43772
92260
71707
91414
99490
69522
47821
93860
85559
24771
7412
2857
64948
4647
7321
32542
11801
59379
96884
1517
74704
87072
12359
31660
68986
55206
19269
30917
5856
14161
75614
70686
91976
11199
30900
76922
86200
2319
99204
78255
34450
78556
70163
61329
87694
17093
34931
51709
71911
42578
17412
71
70928
29795
38390
56947
91163
87936
42901
25636
18724
94650
99157
95852
41380
22465
54607
38965
63884
74415
53038
4735
99338
18497
58467
33679
84399
99275
70654
47442
40415
59740
8835
86564
10497
5080
8035
14797
6834
42364
31718
23124
89163
99436
76274
85784
45809
7089
16567
34655
39513
65444
95680
14570
63495
50766
49052
84167
26703
50715
77899
97209
20786
31177
35469
99063
29709
10361
89544
29659
75031
41522
25632
56360
50966
3651
94917
91928
52276
39133
408
56259
18736
83940
11696
21402
74831
91655
12417
82782
22665
65633
90744
94941
77646
51254
37027
90684
63149
75319
16339
40870
86266
94768
51221
13922
98440
39498
71531
53851
23226
7153
97762
31129
45181
92141
97613
14404
69220
47962
85965
71306
56063
92174
65147
51749
40917
98445
50725
82677
31964
30570
5119
59183
60869
71
86677
15593
61055
16529
14572
20837
17966
13139
92879
80416
46644
29750
49962
29517
74452
29353
32886
59779
42116
55137
65821
13686
18936
99661
75369
21497
71386
7056
19356
59562
83652
658
79757
18553
37763
86443
84604
24942
45748
25889
85237
89091
50897
24437
60003
13634
83588
22214
89495
98439
38019
23477
52856
58614
45602
74625
53270
20437
53361
97743
91190
46159
75898
80990
87780
33236
51418
69830
22140
48454
57555
34338
87619
14649
91811
11341
76428
44294
29184
71069
94761
12070
32368
94227
42948
99076
12884
56944
63976
95128
10298
35939
10980
25963
58411
7878
67766
71203
88993
99463
8088
14021
54643
12826
76207
10077
8999
66116
87850
59247
73955
45756
73701
15746
53728
84737
40613
53940
62154
12014
48307
40851
76243
91273
65968
63780
53407
56329
16990
13485
95111
24315
60470
39680
23125
6792
45732
35909
74018
71764
18546
19586
93046
92681
17893
37881
60932
85144
98022
75866
82871
27247
38027
49773
65677
34454
92854
63244
7957
83289
83177
96379
44088
52474
79011
47699
72689
35512
71505
95643
77877
60705
35746
2499
22604
21369
22076
29767
93032
88257
51020
16170
79887
61064
78706
24910
86770
36872
11823
80952
8218
10677
59900
78898
78717
74854
69029
92355
48614
9012
22694
4327
35417
22098
18872
47602
85422
10498
68308
24944
53653
73042
63875
9102
90498
84275
96975
84435
18140
60855
60278
74266
98469
4995
70371
58009
45227
78343
99231
8755
16704
52323
73201
86194
85134
98309
14952
96140
38952
66053
39900
52541
77470
8272
59643
61382
91910
20000
421
13651
18150
68447
70970
68840
56411
85322
38108
86721
47866
1975
73878
28343
70137
4674
33720
53400
98408
47626
63760
91924
41943
24052
87878
18991
32148
70239
56338
87611
95144
60250
72075
62179
55495
15813
97227
29376
75392
92180
98311
91613
87083
91949
71343
26097
16328
7592
7501
96309
33424
90425
41990
75744
22952
87828
38233
91158
17070
37865
24647
36704
96687
72823
42672
19594
4403
43332
46112
45734
52936
4308
52484
59812
37070
85118
66430
79358
85426
92109
59107
89806
3925
86834
16912
87860
82082
31572
69325
72128
79378
32297
57292
24405
23518
12962
83480
17580
74475
80072
48839
15090
62388
84644
97642
67309
32739
14643
33247
32548
19743
23696
20194
76724
88187
99998
97647
20817
38676
94305
83616
40658
15589
9044
96061
95335
22667
68240
68712
97683
13612
473
85919
25494
61889
4198
36157
43573
26307
1948
65043
31552
68142
40400
97952
47110
22797
24908
21321
95536
38416
53423
38838
63307
28003
87836
87873
39372
84090
97899
84139
47339
62424
84241
32780
67726
22538
7160
41546
94628
86786
14584
70866
10500
10488
65051
69919
99835
37179
6952
75839
74448
99439
14473
58620
85124
18231
49615
89840
22148
22486
16900
37148
75102
52671
56494
62151
95586
68210
81296
12194
68791
38404
6023
30372
22526
37352
92062
31073
50137
65958
66618
76667
3237
12747
78029
60655
64652
81146
63649
67133
90613
35892
22979
86804
20221
5488
28901
31707
33067
77124
10241
28102
62125
9409
56098
67425
73986
83989
11546
34751
66305
65083
33588
79796
14394
59060
20080
93373
10061
88695
71724
33263
49918
54125
73272
62427
94426
75927
66175
80315
36311
15425
7797
58232
31404
25664
38242
57797
86417
17824
83536
99915
19226
51480
134
55335
15085
92566
35707
6399
60416
51246
68022
15896
95924
94103
61010
76977
15937
62996
24898
29856
28088
64317
1924
98848
15760
52142
62679
61009
23086
81731
82277
22872
19489
45387
69953
98697
98355
30063
39203
66705
35207
76455
94470
91328
84114
56727
73746
38483
64584
45073
23325
66306
17928
39092
26800
69187
43032
73591
19484
3744
91242
36214
65224
30087
3406
45490
86188
81220
17208
32643
60486
39278
11075
58660
15138
39467
90581
32269
44683
74902
30343
77775
38222
53610
67504
64920
25829
89361
88529
98124
54938
63726
49665
92537
95418
5119
58964
74246
70656
63044
60900
38656
21613
13976
94603
62210
74367
3196
83527
25309
80335
75343
64724
57367
3580
71942
14037
80522
13166
28729
12199
71451
20874
91779
20134
10922
9797
24128
16163
11767
73297
3659
36334
35940
21603
393
98355
36743
23989
50898
11541
34932
92265
7820
52445
53490
2500
46154
95515
13068
98351
13956
69817
40158
36632
54181
40586
56000
71578
61158
50160
97109
20012
84721
5500
73451
30244
91958
79742
46555
7959
82185
30749
478
38429
86105
54503
53021
67880
24080
29139
40729
33395
44746
84361
81510
36226
38362
86671
32624
66551
16273
84070
16423
86549
13408
5733
22239
91515
83778
70509
78303
76388
88728
16735
91388
12960
59152
78932
8212
46063
25416
24890
5165
2045
27269
48945
48408
40011
8850
96918
46593
36061
68757
70275
23540
7784
80154
9318
73129
92105
61056
7617
10252
79227
11107
29868
88293
9649
27907
86410
36675
23206
12418
50223
59587
68545
80428
44181
11710
16034
86376
37103
42676
51180
35489
64497
66862
30699
42882
44012
34646
57737
3212
88227
75574
41517
78955
29991
57107
55265
3180
54511
58914
53094
33259
17846
46835
305
7218
80262
53539
68774
79722
30434
10953
19376
79911
71618
85737
58031
9159
11884
57336
33081
99903
53245
94451
9288
88997
10302
23636
51548
25634
65107
47940
34432
62133
65657
93218
15055
16899
5464
89915
44048
42370
85508
42950
29416
81514
92859
378
92371
48488
13868
95795
21044
35602
54241
55461
7336
3000
61719
51859
5362
13775
21194
32332
68266
22187
94736
87064
21201
91759
79593
52603
45314
90314
3435
31862
89694
64113
76514
42960
62914
95490
66279
38181
32924
44500
9116
65259
93033
28515
89849
91286
70784
43448
85220
25988
93027
29482
90615
67357
2568
48384
54555
82490
42544
12122
17341
67063
94376
54174
25606
29409
56358
91824
7195
83025
90064
20377
34075
50092
87418
58235
58932
23013
99677
78960
64634
77362
68249
37154
23200
65354
6660
86370
36368
6029
73259
94172
5517
56831
54841
85159
27792
7571
49350
10324
66069
55812
50796
19879
52217
85315
88895
3029
21544
60107
37454
47104
9311
57089
46854
63246
81657
8717
63451
50722
59527
53689
21880
34521
85181
61039
21071
86347
40156
98025
48930
10273
41954
43515
22400
23501
81527
17170
70581
76005
78533
95672
36295
49747
48394
69395
633
85413
11970
68247
44613
44547
47910
26613
21569
86531
59410
63813
81186
51492
63429
38996
81014
38721
38095
61526
75319
5401
76454
5083
8505
7805
20570
68790
28533
48426
2259
64398
99266
9149
68925
60750
6676
40907
86830
81334
84779
74064
78991
58986
3632
59865
34119
34056
92901
5548
39798
44620
28899
48332
36017
45805
92125
76731
49165
57566
64456
66067
13533
67497
41594
74909
17902
25361
96735
59653
86538
54632
81610
694
29336
51904
54305
41869
5457
88120
62902
64049
52960
49459
57112
11969
19830
15348
63311
7265
98155
20058
80075
50506
85713
72240
34545
45111
31588
32698
47764
21041
59941
78822
83284
34861
93281
45653
13481
86084
47888
16577
70069
89018
59103
91588
72665
93413
39615
51342
91115
26522
97908
65273
6426
67626
57220
63506
49089
20321
33153
19072
37049
93457
22236
27776
24775
87054
33325
51952
68750
58573
41581
74928
41013
97974
40856
83605
89715
26770
16695
90705
84623
22154
12083
83387
55195
81416
1023
28501
26991
42592
31925
91362
28266
93197
5844
95045
62705
40251
28529
61728
80974
47424
14101
20274
83811
97770
57815
59799
70485
74580
65798
14536
5268
82101
85166
91424
54024
98667
21013
86534
80509
77366
47329
9290
44014
21248
40908
78035
59081
29032
49885
15149
52922
91545
346
11507
75719
97138
11186
6698
506
55901
60266
98409
98531
99702
26980
10860
4920
28391
20424
15945
47332
91542
19561
93658
95394
21920
80902
81306
79120
73123
84794
93494
3927
24371
82482
70488
95843
65183
5333
14867
45902
42600
57026
21360
40667
4602
68079
78260
63426
31218
95587
99248
33917
7790
56247
10212
57337
75232
39641
17497
35729
30727
91505
44599
79372
97019
2256
33046
77779
39176
43020
45770
55054
16224
1616
98371
45859
18568
3075
79773
1774
53860
29476
17030
29287
50095
14096
62177
55962
43471
44619
31166
49914
65654
44439
34627
48203
45868
29399
31309
67037
42854
61515
25520
64189
57426
61087
99530
80267
79930
19636
24716
63278
79435
8103
28010
22279
61749
58941
98207
99111
79960
78883
61554
61438
13902
89473
65007
96923
16674
89230
10701
22451
67433
20868
8300
41728
16693
91278
71157
77788
21748
89125
99338
62516
44480
66477
79429
70754
31989
91507
94481
55365
4258
91596
4530
63635
17292
79633
81662
41035
57336
3804
22453
68986
56604
69062
46106
16603
96370
94945
55093
33852
7537
16155
26601
89222
75331
6593
46211
57490
30862
68607
72977
90533
46679
6726
96298
76338
78326
11945
62645
41586
25645
32683
72739
36529
93454
48716
72342
86242
44157
30947
83011
16510
74182
22591
47476
34179
71057
81117
62886
73789
64672
96824
36697
96733
33577
15877
69354
97569
71017
26127
71338
59598
47694
54017
62520
22577
22985
4242
7784
45678
79998
41307
5324
91551
6975
65094
26153
34056
89897
96156
16911
82412
8658
88758
49784
44821
93305
64174
939
46789
26052
63914
58875
76462
48092
34957
36273
55378
9867
97984
992
95780
29413
70676
9051
84608
80849
47427
24371
3478
32878
36328
61298
90634
78906
96609
65833
10719
28030
84345
35272
57894
82880
86105
34826
84865
30536
31230
36978
76019
23440
64281
13939
85952
35492
7984
82724
8954
84002
3437
28550
56492
53529
35458
31478
97871
61733
23910
94392
70952
46248
47605
22937
29679
12770
19143
66298
91178
88020
58834
88618
81768
25363
87798
93342
4060
92245
53479
37631
97492
42436
31929
43899
93291
58115
9604
21703
12465
9227
23245
94530
95323
63524
71064
82130
11152
31515
67212
49630
7312
36573
96739
59685
6522
66784
73555
96936
68610
77205
51171
22922
60978
65020
48144
97584
28391
18051
72747
9635
62234
38601
10360
78557
31423
86531
68560
38993
49270
20698
51454
57101
87915
52823
10079
93879
54994
25469
60590
21704
30285
71744
14571
26784
15939
94523
68577
58808
88073
31913
55046
4203
93582
94965
61477
17792
81556
2981
94550
54594
40840
17716
33002
24772
31652
3162
8278
31203
33314
21551
17806
60417
96359
31067
98228
97047
78729
52573
78414
29523
57421
64754
63727
15438
86932
27914
46179
34292
82448
68026
67665
65777
28394
35755
40840
66915
95604
61778
98672
45362
61727
83880
78386
36392
91086
84764
43253
94093
14064
96246
64534
9766
17019
46520
75842
64086
37494
84517
73911
14505
56720
89569
68642
21227
56345
24173
6129
20631
7557
4390
26934
56369
56176
99328
24358
82353
58110
51863
79281
75105
69165
71521
43188
38916
99864
47748
66196
49953
64944
52278
89108
1409
92702
83686
74764
7272
16624
36633
35261
79059
50724
81544
23312
92442
25564
42532
21003
91926
41524
21190
86958
82648
55803
33661
31792
76695
57694
28411
21353
33132
83189
37435
34463
2233
41455
4140
95866
4097
46017
64583
95110
10159
87091
44338
65881
92770
91705
91089
18859
81161
23740
18785
6210
94117
19421
71373
7007
76860
73582
2370
32301
82334
58470
37004
35900
54912
71042
57938
94396
64913
705
50538
25413
22028
11428
60737
83246
12841
70350
69166
19783
44571
46248
48352
46031
69239
94566
19057
24693
62249
6512
70744
30428
54227
83847
50540
98681
86072
67469
42025
9427
74160
49007
89922
93435
12105
40690
66325
67143
21001
80035
7435
1973
524
18820
91531
22990
27438
91107
92604
99063
6953
76986
73436
88911
37577
68985
67705
52003
93291
11347
98980
47415
93975
45967
24494
47466
24283
16457
16132
99294
13409
94719
27087
16490
9923
74007
34948
94638
19325
94627
40967
6604
99047
32876
41453
93904
67251
96366
83601
49485
53729
67661
12236
42551
67688
41159
21529
80384
27584
35800
1053
33894
56016
25835
58494
59111
64598
64865
21917
68538
3401
88745
53840
94356
32416
85369
10023
45563
45860
16799
22133
37423
36062
85247
25734
73516
85900
43061
97105
31490
870
40414
87518
74711
82028
47137
64252
66783
16726
40080
59244
21009
49291
43953
15353
83500
75375
45861
75740
38094
29370
4926
35831
26876
98005
3007
21069
56339
13052
73231
61645
72858
8416
78034
16014
73328
98569
54151
61853
26904
85735
6704
41161
95261
51797
90867
84085
74830
50933
42233
99940
45533
14000
29109
73488
43414
787
13376
26689
50425
73471
66301
96145
20975
82995
80692
32107
52787
16259
81131
92499
61270
4015
3079
758
58099
53147
29501
74533
31984
65507
21979
56738
33084
73502
55220
87187
94784
52068
56531
3197
50704
22482
62441
42897
33450
27738
37597
62208
66168
24013
79646
58909
454
78813
30348
46187
47218
94737
49375
15151
39545
65448
70598
16414
12685
34829
59651
40000
36614
16643
39543
23049
37630
50722
42734
37316
58052
83089
22644
85352
55879
60105
42613
32105
28511
46720
70267
17651
41689
32888
5313
74311
71282
53661
92619
17551
88866
91706
92461
74567
70097
33043
55577
34320
69133
81780
71461
76609
88457
42416
73250
21532
95547
28084
89935
59729
66204
6716
20301
10532
4916
29661
50247
93399
96599
2865
36919
48201
77425
3724
56013
75627
12109
68873
72686
35903
84562
62346
16864
63080
41714
81113
34377
92627
32578
36657
43687
52951
72704
93326
83647
71770
58445
17541
55768
81019
20293
17197
52329
36648
89645
14090
40754
75837
61777
54580
29092
72537
12643
42926
70418
5511
85732
50584
60333
60448
10244
77755
16023
75149
35356
53766
11439
40511
18243
66901
66232
40102
99335
66604
96958
43767
85170
60216
38104
69095
90634
59305
50702
20441
65321
24610
8365
64664
25858
131
84683
13085
57070
87350
64588
79310
29863
19380
49325
33833
78672
80528
36172
91373
49260
12890
38472
53922
40115
8558
5182
78995
12461
3691
5361
34629
86859
95051
2361
33395
72557
63332
59941
9095
94710
47275
59668
89531
74111
94381
67056
90002
14083
44416
53533
66616
23062
95465
28478
11842
6137
77365
73961
99901
84574
56024
18704
27691
49857
548
67939
35339
94003
39784
51991
90078
62018
90664
73056
34507
25415
77783
19965
40091
82971
33536
68904
34183
89771
83024
1635
5669
64292
67966
40809
5536
33767
91450
64657
93956
41665
84712
81192
8057
45865
97443
78200
55881
62103
21203
31480
59344
51512
22333
53472
57963
60903
52608
51501
66292
76439
91902
69196
1728
4933
74550
85063
13303
84358
14251
95687
37180
35311
30980
14409
21954
89934
34869
65742
85122
43832
55465
46018
55029
85900
93772
14329
463
41782
76295
88552
16855
39008
63316
62638
75887
42627
9979
32449
53967
70455
47936
49442
28272
80735
4442
80342
36200
3348
27031
73098
17322
29214
58986
95439
5318
88314
43272
76150
37006
77293
56833
43241
9909
55174
26527
52060
10619
36363
87540
90768
29602
25696
21456
3986
69547
8480
68413
38385
57651
4408
94292
12210
31237
96852
49714
90213
87147
94298
1002
3309
39481
88048
98741
76168
76502
4110
91863
32284
96798
8426
2244
12441
34602
56506
4598
14010
48112
17435
43604
43162
90984
8906
41093
26223
6423
45880
38548
38246
34652
82792
1430
37677
6430
89252
12828
97381
58791
4138
79371
11776
59777
23573
40274
29634
52770
99746
5626
83530
14616
443
14210
39741
82787
11135
30557
98827
37928
23037
67646
61189
52129
98938
14760
86346
23490
74792
87275
50305
41154
63683
22556
17383
11201
90186
24270
22134
19900
92310
56095
2801
89347
93405
10788
37079
23683
22665
39428
31037
77772
43096
91573
75853
70188
23361
30771
92725
83538
18455
64584
78596
34485
11864
88760
7929
7838
72698
65645
58911
15362
94067
9549
68987
95693
19645
83004
12910
10206
9070
40503
94724
44213
36946
56463
21876
37038
61983
44675
29315
40932
62272
3495
73553
27182
73011
84370
24466
70032
29923
37439
28832
22940
60839
14830
74833
54337
42223
30674
60547
30848
41720
59516
35221
45691
23351
80996
32046
85313
47470
69988
34741
48930
53493
98374
70510
925
53342
30347
3999
20331
53564
17128
73053
40411
66564
68902
98192
78109
74019
67853
78960
6055
1102
1430
72841
4379
39316
71912
83581
87593
99359
10305
42334
30239
53041
96850
51148
75744
66418
5186
27182
95549
20372
15942
9483
67815
59181
59556
96660
51401
28362
99527
56094
75026
70976
28774
34754
97073
66521
35323
85550
16966
9077
12120
31863
91169
18119
21387
41785
82189
46452
65335
50713
59827
84288
42379
24941
35534
43679
57638
39360
17499
80247
12919
22573
55229
34919
31581
45636
73486
95154
13490
5906
36523
77981
15300
55172
33748
18721
75282
65843
83050
61408
40970
50928
90040
30937
4155
23643
82541
51227
69897
53419
68972
48687
96216
47418
36006
20503
11088
593
19989
36500
23486
95642
42987
2993
92297
79311
89484
577
11214
20543
9006
81778
83972
6998
45520
27999
64603
35232
15706
4624
32102
81121
43139
3385
93479
73266
27986
37627
6961
33286
1938
95608
30243
37856
36304
87769
31065
49153
35634
52024
72652
67842
15624
28005
32469
94171
34400
88627
86606
78478
67062
29447
64798
53996
1334
44429
59225
54929
72590
96905
64935
1997
67428
41793
16771
90738
44443
74906
35602
51345
68337
54952
63887
42712
28742
73657
18454
31531
51617
88976
63052
36986
53457
86570
18958
3490
9141
73792
70579
25334
16320
46325
72528
97077
74519
63248
22910
42124
7048
98798
25274
74878
74302
6809
52015
45597
17812
42676
63681
6259
54645
60578
81428
98561
15242
44351
91717
31389
37331
99472
66991
73681
13609
29060
14066
64970
67585
63849
3283
82700
62504
14544
18990
91172
80480
69017
24663
32020
46255
42463
21345
56875
98902
93683
41485
19763
88996
38799
74252
55909
53110
47552
87427
93936
65731
52699
54970
58698
95598
96506
76292
17082
81060
42655
56462
42013
1098
61773
35418
15678
65653
99689
51681
79168
4312
44901
4239
20458
48363
41253
87710
49753
88819
63180
52540
82577
72567
75459
62123
92929
90225
29765
29792
76578
88020
47501
11855
37703
85768
17437
48937
58416
16291
59746
95597
61085
35858
98125
19040
36863
59735
20303
10019
90420
30542
48634
49202
71556
99399
52426
1814
59418
35544
68882
58830
77003
3752
56639
82114
56932
83991
60505
8147
71121
50684
89498
5800
38134
29616
14418
50891
75729
62393
4430
15150
19937
84755
7217
81542
78243
25679
28229
28278
48448
75334
16958
65612
56814
93969
36090
62923
53568
20376
92637
33717
67522
57026
91161
58907
11657
35921
77994
17151
93179
76676
88938
93803
49610
44098
46639
39815
15346
14339
61542
86694
76680
27913
84194
12038
44255
86071
42837
80855
39816
13877
88297
17538
50894
94409
51616
95120
77609
7407
20953
79254
18997
86727
99745
94067
21946
30944
34856
31749
33317
81863
42418
28448
86202
41982
14768
31425
33409
11347
16207
82474
46482
32346
62802
5619
38037
17557
56722
59532
77135
81245
55847
90734
48353
97846
18180
49016
75421
55273
44642
79033
35920
6893
90496
89214
22233
87939
39228
73826
93750
29053
10228
26849
68811
94363
74155
39368
26290
73548
36786
75329
29334
73628
67938
33862
48405
85569
60929
23405
58476
51233
79419
98714
56230
63317
62872
95019
99111
32250
71433
46591
36322
4819
75038
27891
33748
9551
65349
37862
12481
26606
46979
38792
17975
32899
90997
72314
70895
24019
91297
56642
85038
39922
63020
33586
9318
27804
62575
67461
1732
65590
74625
64044
23704
87461
34712
17043
59697
23329
15408
26600
67796
47150
22742
29693
45823
1128
69687
33855
80504
91746
78972
56342
2731
34752
21785
31068
18672
18369
35037
57768
69683
68880
63544
39928
24692
32367
83100
75604
9226
90183
49147
69406
48864
5652
92257
45515
3935
14643
26181
75602
60818
80089
59486
69449
88329
65036
39532
71137
19987
67086
76401
66126
57258
42055
51605
57534
71089
74498
65090
58606
7266
29790
31866
21133
47192
20646
67900
4766
48355
68510
23811
84512
4563
3956
97279
58910
79110
15105
15758
42230
32985
19241
63128
82157
45665
27582
93620
2734
23314
95125
17851
99458
6537
39317
75121
32792
69227
48543
18534
46214
65255
12186
13490
73561
75730
99919
13261
24431
75399
55130
69842
24353
54663
22262
15692
54990
58205
26793
40737
58982
67794
13513
6064
89225
67395
79606
8188
22552
45335
60172
50508
84835
81283
20828
6020
50765
31827
29343
81573
78926
83457
46644
87823
16215
90984
8152
72218
98871
19084
88130
12253
91979
54458
93682
25323
11046
76686
58344
37547
51688
77968
76172
32931
59918
2303
95905
94275
84507
13760
59847
24614
26046
64462
5769
40894
14999
33632
53152
19786
73398
10212
10046
74867
78330
9751
25881
16403
91053
23164
28477
70592
31793
39151
21042
48661
35958
62905
7707
38606
173
6805
29110
68801
85143
87253
13787
56554
21533
49051
75790
53712
52555
38767
92109
38125
74624
3987
7179
75784
27494
36882
47483
62956
11754
7792
49363
97825
40231
45272
16742
97659
94563
75439
15269
95877
72630
48404
66029
17347
27183
75594
58455
38680
53842
60040
7242
95680
36710
8073
68442
8154
88349
29850
21942
12038
5536
92859
59741
14043
77526
42929
5129
91806
9898
8572
46169
72901
16779
26809
25806
95035
38718
92934
58858
23485
44077
24528
14061
23965
8135
82430
80497
61937
67908
16032
83547
9936
71257
65720
76000
31831
17378
80942
44839
87307
73845
87477
75247
26578
96615
93090
35046
31362
93804
78400
34042
13554
67623
14462
32786
440
62678
71086
34372
90063
3463
82810
76442
21124
98006
17674
17840
46814
35945
88395
97810
80786
86577
9368
37913
87381
58217
87021
43203
31655
89377
66293
28894
13370
5290
20038
43294
50977
36378
13624
68123
39764
81953
81411
86004
3445
61470
94715
49536
92627
74360
99762
88866
61585
60036
57856
28824
56829
69190
37651
73418
60842
16111
90596
10254
69508
58850
96324
30489
46969
27035
37409
79898
19980
41698
93183
20360
73230
88659
46535
37508
55599
92140
24010
51078
20882
31860
39497
90021
48048
19206
46390
1829
9342
80580
47364
93650
94918
99730
85499
12275
12376
10803
34367
26981
28193
29105
75325
72852
70848
53202
80949
10885
88727
80690
46323
23098
30200
76691
77084
14292
92187
17914
53871
38440
516
52895
33494
3871
79187
11825
94466
59862
21226
50685
40928
36302
32084
85143
19383
18883
79359
7583
95429
98516
85264
3558
42345
46301
77914
40078
11214
90703
70301
74006
60103
14416
22864
98441
52356
82998
59286
59857
77381
96421
93767
44524
22450
42401
24776
71477
56297
37309
35421
72848
55409
47672
11747
2520
45694
56266
38496
83227
6317
49182
47183
71040
64379
52299
85491
89789
46436
23875
30998
42032
82216
45455
31592
32580
7476
83020
62824
89430
95644
8807
51720
60477
75204
36658
34818
54357
5325
83897
36132
91608
17218
35305
14300
1955
63053
46483
93107
47125
57795
40610
12529
59601
34914
35660
39032
10670
58080
78821
61700
30754
18116
12949
3323
51275
34052
77422
12122
63230
27885
66017
41722
41408
91726
90804
31766
72272
1497
63571
39802
33165
8935
52367
73482
18653
95436
66408
81804
13596
10570
56967
144
59478
92854
30063
63727
54072
93074
92849
82263
43840
7783
27588
27210
42045
45017
57510
31587
60487
20108
79818
45286
82680
95540
10889
83866
29792
41287
89429
80620
67252
99397
45928
97417
9844
7410
42512
9388
92973
70571
58106
23380
94955
58996
49650
84795
25916
8781
1415
95275
99561
40535
13831
86008
18623
8265
13412
90946
10421
55952
11194
19326
28335
59532
92149
83798
43109
1081
56091
49400
40098
54191
1253
33727
3956
71588
16038
73946
62698
40938
44905
93326
43907
78086
54499
39975
15414
62906
91661
52978
11199
57827
85906
52715
99154
69824
30771
6176
37206
23406
29401
18184
70182
830
83843
35349
82329
45222
49495
59117
75956
63410
75796
90456
1929
41832
84685
75191
29109
92724
36239
86883
64750
38683
83524
16257
26174
48411
73360
70073
69714
63707
7122
78876
14948
36977
93262
65273
12709
10540
41494
63127
94943
90996
61210
67821
96618
3955
37725
8624
83732
31097
60245
142
67370
54846
15593
34364
91034
93888
86779
54920
34317
64554
92853
55267
5555
76273
34155
60032
31213
67310
87112
52415
37365
19664
62294
56020
57182
91857
95375
52610
97844
49
87312
22327
18119
33190
56547
29959
30438
78468
80458
49550
41269
63285
7882
75647
84575
53763
26416
18936
9021
58836
8317
29074
41661
48719
10987
99860
44975
64060
24450
10770
6509
8954
60440
14229
89676
54854
65570
37813
19876
23490
68247
58709
38680
49152
29651
33087
23245
11613
57505
5752
96999
27559
53203
24607
2275
93774
16329
62969
81893
71537
77960
14649
60558
67264
19197
26391
85709
74818
87327
93235
90058
69757
36882
9887
38252
92120
89003
89668
47037
75255
15435
66030
17021
9400
6664
19052
9027
5848
87632
69834
59314
68080
21083
33499
17002
82973
94833
31942
91693
57760
23702
51094
94825
56082
79157
77165
99716
36341
99314
9103
94933
67927
93083
51724
9346
47652
66152
43681
38953
22162
7711
60657
43972
39899
34677
6390
64129
68782
80640
73151
25337
44933
74222
40299
11416
97864
74132
9211
52090
64684
39925
48855
70206
519
75916
73360
43223
66051
96223
33319
73478
32852
27142
39381
33114
17945
73717
78855
56765
36368
53064
634
78189
98907
72112
32853
76306
52430
65288
19591
78982
98724
93234
90782
53983
28850
57933
54408
31592
62376
12999
17358
97247
51019
68746
26453
83546
3537
93360
46609
65355
9009
34501
98798
2235
70308
80086
63014
59323
21316
60451
98144
69622
80361
74520
55600
49087
58894
69533
98599
78781
14975
25957
62021
98641
9695
73125
18787
85426
89978
8834
36672
35497
55685
7880
10329
10969
7304
4998
31943
12475
38986
82283
59454
98051
19791
96539
43777
61842
42303
63282
52544
23823
23853
60097
62695
94240
18748
61021
98742
57004
10343
39983
41978
76692
49275
19080
81457
48921
72310
77498
61149
30340
47823
61102
6456
11386
46808
31633
62588
25992
64928
39950
49853
48952
67929
14663
58376
95864
33454
92832
97718
72477
3181
52889
71920
92657
79506
65535
32128
60738
80931
95914
67876
94478
42881
46559
82964
4274
98070
9271
37823
48739
90949
97556
82186
68821
52203
23945
62
20522
36068
57525
27420
647
9183
63161
95143
3431
88919
36140
12770
15814
14661
57923
44836
20474
3736
77103
33406
82975
69357
90408
21346
26367
96719
48531
80597
17019
62761
24611
72220
5188
42167
4472
26002
73096
90398
41463
74012
2786
74326
41530
39994
94272
54856
62532
14971
37464
30267
46028
23846
50299
86229
10503
67065
58221
51219
22808
28074
86101
91833
59843
6244
58756
35022
56060
64630
24016
68517
17831
48744
34135
69453
95577
66046
41581
14070
53133
7182
87738
72342
3048
47332
50819
12681
33306
20950
28417
69779
28191
31429
8479
13329
712
86758
99039
59855
33426
32820
38439
31497
34653
31987
46646
45048
11517
40511
68636
39850
99540
57019
79090
78014
95628
37108
8290
13154
17033
17885
14663
52932
88168
84948
68071
14543
40853
83734
16782
65033
77166
16154
70299
10476
16985
39436
26798
36660
34356
10917
33304
61926
55380
8965
26055
33734
40071
64980
45661
83581
84938
99124
26670
27435
60044
17306
1713
29992
34667
81456
64605
25062
56333
48159
10228
92564
67103
59416
34065
49364
46859
13566
37533
65837
1893
27332
96064
14660
19143
56013
58357
79552
88060
70713
70643
48057
44002
84376
92928
71356
58682
59703
86813
69944
10725
26727
60091
29905
70683
26117
67126
72626
16628
7513
20384
24126
24151
33934
71800
19439
50096
10016
20076
27737
62036
59408
22779
24317
86388
73678
66105
8800
94117
22252
73487
45494
24631
59318
29210
3824
67619
30731
13935
40011
9090
52866
24998
53840
62966
57511
78274
24922
72504
51105
52437
66432
28233
1149
27559
57859
19575
17611
54203
58280
64505
27081
86235
3929
12442
93765
69617
89139
96606
55366
3041
5549
24028
40476
15040
32978
30792
31416
17514
12348
38351
6887
62951
91640
40865
60234
76029
5664
85980
63239
76993
54106
47009
93116
49745
13141
39769
64757
34399
7168
63021
78768
94892
22537
82240
41437
602
96473
435
4803
18545
92744
77883
71226
38628
86437
85867
14075
90154
39356
29533
12910
1420
37780
51918
64418
2247
24628
5961
76604
10961
42911
1295
55651
83761
37716
86532
32387
36366
12974
77295
74719
90220
92930
15786
16427
40522
75410
44867
37329
76703
29229
79060
99797
70084
42681
82259
93506
90767
32824
53123
43602
37985
83268
92870
17080
49352
83308
49081
42746
88174
95427
3559
54303
94797
68655
19237
83211
38359
76445
29316
8968
38213
88177
29010
51170
97062
52835
80170
26948
73913
57268
8456
32573
40826
77537
67197
58918
72693
22951
24216
44321
61365
12366
20373
10026
50369
23926
77153
32981
34377
81367
99576
21429
20678
52859
63251
97702
23380
89521
26851
65930
85368
97416
24386
59561
32597
82640
71488
44926
15687
21600
50081
72433
94044
6543
47456
3177
82568
98542
46374
98550
38866
11627
96883
28642
17394
4709
33464
69945
49572
23903
48693
97489
55440
132
29223
99108
14148
95147
14988
30050
98222
65337
45533
31962
6905
57538
2824
87048
32214
28631
8675
82021
40335
23817
2425
66124
15701
63549
21936
85727
43453
76238
66838
23016
30708
92033
92942
12921
99286
16417
69147
7870
2695
43750
29802
93663
45149
59908
94130
8793
64864
59873
82222
16912
88717
93143
47054
4303
95868
71496
71702
92683
19194
17005
78759
5188
12248
32113
78010
3215
56286
44245
14582
41969
50048
72112
12286
83452
93000
59719
40663
89442
28778
12733
22781
53409
63855
49998
23734
51752
25817
87864
97930
32779
30926
12954
15580
57873
64936
96219
28099
71097
6200
97899
9287
1992
44032
94373
99804
56589
74209
82841
25803
19230
39419
35575
40781
14101
52387
78036
85864
30548
40126
30937
54280
95454
98761
84404
1759
33092
14516
95492
87104
33369
99997
22729
84910
59148
73994
52099
61954
87102
60101
33203
28372
63430
46580
29291
53171
9888
87601
43587
4946
20700
15261
29339
30259
1232
45207
40690
88822
21481
91624
11012
82563
43461
431
36522
26729
16984
20937
69431
40680
38554
18217
97088
62274
56339
95011
82704
13666
3220
85784
27960
20284
46432
65725
38322
72607
38640
55861
82136
1532
28025
82695
29179
24846
4573
61461
34636
76308
45286
99491
11558
68591
81393
39038
74654
61476
5791
36968
73951
14823
95059
5449
73552
276
77169
53741
38619
86951
40512
20751
62130
14645
68
12857
26170
24863
70796
76448
5501
95244
27798
16984
10808
90043
26854
55046
13572
33599
49890
50200
2057
16661
6158
92292
80245
94178
44477
54423
41560
33200
33266
21767
10474
77675
96550
8921
69667
39141
32963
29754
86180
17411
84776
99924
74096
46094
48938
4763
86058
61164
18449
30779
15319
94184
34932
23165
62556
15706
69832
80946
50702
85958
65160
81
52137
54609
33389
31636
44751
99690
85939
26162
26919
49344
74832
62601
84929
58894
11271
698
44963
81423
77651
60240
88499
88531
87603
89103
32882
72398
60633
83232
90980
67296
34069
26905
31512
62929
44218
18150
61817
78089
56840
64700
38258
54292
46066
52760
77480
98781
39783
58796
28172
25972
35890
51906
29174
35770
58880
22242
11347
64260
91691
71996
53097
43294
3220
12768
86202
25928
65441
34352
74628
38762
41008
51761
46087
65166
28593
22062
69762
76887
31247
58459
711
54232
89600
16011
37922
9000
8840
46971
13248
42878
84376
85556
80939
45358
35925
52250
37382
49157
45316
45324
32767
27240
18754
17854
7381
62120
3806
73643
78354
66603
77614
75660
42405
85129
59559
12054
22960
9243
68260
99600
75491
10986
90717
4666
25148
32847
38811
77314
48260
32395
53751
52362
29058
71067
71233
88804
90606
59377
89770
92207
57187
32286
58590
31698
12879
76940
29153
64993
44354
64597
9043
1826
2425
4768
64140
96634
11991
43555
81378
7577
48738
83561
67520
54183
25188
92851
77984
57436
78096
38906
20784
9523
95922
6138
37466
94061
32169
63317
52810
59913
73644
34765
82909
92511
32571
7662
29493
82020
67238
53466
144
7310
91468
51222
59375
44568
20224
5068
88945
91182
99340
97770
61598
29809
90107
17617
90282
31269
44742
23320
50890
20988
33209
25503
86888
97909
15402
79879
17390
75674
83452
11150
9756
28656
90986
23295
98214
77937
66944
1647
69795
49278
28283
20132
29454
24226
58434
74897
61712
51579
17453
28173
93779
69807
50148
74228
53996
50268
10471
97852
43574
24692
26720
49298
67117
23599
74201
96675
72479
27533
59442
4907
4104
17847
67538
43932
59711
1304
39797
83071
37724
99553
67475
40487
71534
59412
60895
63412
87718
69958
11893
68841
10377
68433
56517
81368
42850
19720
73194
21559
14609
97512
68164
92279
53874
90361
32907
64304
52539
10614
96411
63902
78392
29065
10086
70276
25186
23823
22802
423
87970
96298
29275
12512
33879
8007
25272
1815
46627
68289
14161
68010
39830
40061
28155
64953
81421
80502
45679
80895
19382
5385
46396
83930
36352
23488
53009
12222
83226
73731
15328
72972
23337
27843
78445
36746
64551
37122
90523
58778
3800
76399
51318
78400
74520
74796
77635
91758
43126
85361
96071
90423
70375
73716
59809
65049
71020
93502
34405
23573
84413
2374
48915
77201
55589
34652
69220
57114
6038
68524
47287
97633
27294
29533
33786
3424
64152
88063
80388
39488
46435
12152
48446
70991
95108
85844
4187
68131
31487
38911
12030
19586
28208
91643
92322
53655
81026
73539
84299
21714
82006
29676
93197
48642
61363
5435
36728
20486
43978
98909
66613
62119
77932
67050
72453
58287
50824
58392
56794
81764
32923
11313
95639
1123
26667
59312
77666
51072
47557
55818
6428
16707
66977
40489
31530
99793
41476
99456
53285
29654
44726
37644
48208
11868
93312
99450
51421
43224
33835
92543
28291
46648
96026
31402
70900
29440
97949
95521
64575
21106
77644
3521
84213
86125
92189
90573
90080
28261
68225
88898
92968
22503
11975
86311
66700
3878
47160
54952
73074
42335
31944
70053
82234
700
89591
7958
53773
76193
40205
38976
82365
67768
93722
73698
93112
90566
78595
90692
22854
98982
50328
78622
51684
41256
1292
17720
34911
98912
3427
41785
81128
65831
1765
66564
59122
22142
99147
13524
95390
92834
32252
42208
66386
7042
95968
70491
79999
82818
94549
64355
82973
95157
54411
40995
29469
78916
90888
60851
44925
37939
39695
32309
39538
55316
39382
77855
77523
6164
20622
92422
37829
25270
25996
32494
12347
84963
3235
44416
69118
68602
1303
24481
89471
95857
38851
81954
28990
94341
1669
70943
80796
43785
1244
10801
26445
21160
55946
99080
8118
84192
70283
28321
71302
38541
79498
83945
20377
45771
71101
34773
28799
27557
21668
17245
32687
33463
50012
39753
94754
66464
66683
57771
44378
46812
47756
88192
91258
76950
76728
22852
58573
75486
74435
1222
10663
46569
76566
18369
2195
39083
66501
51615
30354
45333
76304
80827
88808
1612
6070
20872
54305
78942
10872
66105
66341
73632
68231
80970
13676
23212
85397
18445
68231
29955
33769
42049
66775
98685
9135
91165
37137
47925
27218
97831
77680
61010
72733
24302
88439
2820
59142
83472
3435
75841
82836
73021
81967
17362
45037
92267
2517
98969
91821
74996
29271
69247
73534
77806
60076
87943
41531
10749
18389
23952
56161
42207
45469
32780
43573
75897
4522
67066
7327
86947
37888
91139
65371
12354
77808
48829
86950
92957
39988
5607
30445
27065
66948
21978
50493
65
6399
38825
41472
14464
35903
81064
12614
51418
36218
73587
3799
65567
39192
38624
92359
7591
73351
79554
47321
50522
84279
62976
81575
67913
7424
4323
18939
26880
75976
87206
75584
36459
59735
69325
60899
82145
34381
64875
13666
17820
21818
28934
74785
61651
21245
55176
31246
57594
67727
23742
61785
29146
3003
3111
87693
2819
2713
25306
5266
74287
70406
97143
91614
86060
35860
90352
94014
7966
75126
99604
63040
95567
1668
39849
60159
66120
81543
70093
81448
73607
75939
96557
88585
42900
97027
5378
99337
20749
87323
22384
77114
95974
74248
54069
31005
28911
64865
94312
85660
38346
30817
38648
5851
69212
48252
2463
79262
85928
87108
88586
18485
19960
82071
1493
68347
70270
16212
72102
94554
95927
96678
33481
20174
15378
45593
76439
88392
67046
33992
49507
19705
38685
10430
63830
91170
95882
77607
4424
77991
8019
7633
43595
66616
89828
74905
85994
25015
3292
38659
84248
39877
20234
42576
53529
9111
32043
18412
1623
28529
13746
78343
61947
8104
39427
55061
84078
23405
60553
40051
18397
93772
63021
30366
17750
49176
7665
8859
22626
29614
45375
39532
58234
15787
37622
96805
18746
12106
91055
34229
1634
71588
55496
91610
83094
71651
72113
20353
5808
83161
76005
26560
9834
69548
53333
35502
90303
18645
16106
4772
95048
45119
26109
17237
46182
43898
40723
12204
78224
77032
57959
131
25798
21655
29246
59604
20209
92247
71045
20426
13186
52047
51544
56049
36731
60799
36461
80153
55451
86287
92996
41283
67111
92532
86877
30702
59087
86918
2276
23679
92255
6921
4014
69233
21595
96026
31473
93585
13322
92384
65420
88052
89115
91826
55866
29812
71731
23314
56431
1436
97983
66316
71878
95697
74973
11928
71156
1231
5873
93795
87152
70057
45693
62831
94279
92320
83226
86236
36985
4446
97140
54309
25967
94873
5278
59898
6995
71682
85646
15419
2443
29957
15482
3412
16298
38502
29397
61512
7081
77623
40099
56727
16773
18086
85664
78433
49134
9798
16828
70738
8240
15935
56637
70790
83824
96970
98270
61049
30339
37738
38675
76800
50097
95077
37231
99270
44141
59535
52415
77920
14564
16073
6465
22986
85411
90764
39350
30500
56861
46236
67237
75797
80086
69215
86477
70052
76532
63925
73661
40696
57548
66241
37285
64491
77270
31726
27571
87047
8567
88224
1469
35770
271
36970
86396
61994
14036
34813
12536
78033
60784
21515
28913
93951
73740
5492
12891
97042
60654
80538
74932
3335
31077
73841
7635
22990
5338
75412
95354
5599
17994
25532
97142
58456
42637
63905
1676
35034
97694
5823
44397
26759
7410
55627
69038
83205
75543
18558
48358
99291
48400
20181
56236
24478
29450
7546
8012
339
75677
11998
67056
31354
99691
70207
80982
82085
7834
13252
63788
71561
18203
72933
44419
36500
13141
64799
24821
20532
93969
25788
5323
57544
61717
97765
5407
83385
85103
45260
20463
69443
39150
51999
61590
95276
68531
43546
56803
28916
87982
88956
99831
80373
37087
64738
6550
22889
59404
70540
5414
87021
85784
67084
15718
74968
2686
51736
11341
19564
35817
81043
56745
33456
39208
36496
48934
59575
73080
34591
62239
27520
39447
1336
6481
42301
54492
29501
22371
72225
56660
25060
467
2087
27988
83332
47278
94155
25687
48596
83381
77406
26297
56335
68693
11543
20231
11772
12995
40349
76174
27819
49871
25158
59920
44245
83823
8457
28017
18432
71135
55590
96853
76060
74141
66492
72377
16831
58203
4067
23282
68571
50549
27691
65669
2717
12301
69015
9
33159
47841
47865
78880
21047
16087
30990
37000
95817
90666
33071
35816
64453
75684
77231
38813
42239
36743
84482
85995
11355
4310
21174
67328
23290
57326
24939
89481
88738
93991
56002
82173
16574
78791
40902
71348
99521
91973
44073
42681
15043
90466
60738
49157
66199
47343
63208
23622
76248
42848
27759
83089
78890
23892
30272
39616
66117
93855
22401
