24888
6788
79531
70796
98248
11129
16523
39058
55260
27428
60552
73137
11879
29769
47505
57519
69937
13101
17224
74693
66103
41294
87238
37738
79504
23877
53314
48813
19844
64832
97383
7206
39645
36835
55100
24265
21513
57535
4141
6351
23122
40788
50003
98328
44712
46568
83717
27287
17871
31131
25513
37161
14908
5186
62800
33693
31448
89825
55890
43277
53516
10615
84679
11413
81014
14969
79918
17570
60990
5721
54755
33002
3456
18210
34301
58799
95664
74537
25423
34855
53559
21209
99950
20848
54258
80247
10730
25030
3551
67579
1293
65370
89639
21308
85705
98115
14991
22145
33680
57097
42566
6526
29928
99581
29603
18039
68794
71887
68184
14507
45167
43324
62217
33147
93163
61052
81159
57353
74367
1054
98038
81936
75028
10596
61396
60519
87774
14612
5715
41948
77420
87279
66935
9393
94339
88597
81277
51595
52636
75220
6259
73099
99624
91265
49388
51115
17795
99954
88169
28150
4956
35584
13399
43587
4467
34397
72645
23829
20453
80120
91353
8555
38691
37623
79833
64753
17667
87625
16718
24725
33467
52504
17052
33804
30636
92346
26051
9368
15376
87244
232
60329
16040
81877
43315
16548
13971
11057
80478
29319
10398
15840
67059
49204
24437
86799
87089
32730
33155
1018
5362
50955
6212
50239
33094
82956
32435
6645
66640
444
44571
49807
32673
62645
82255
98224
79744
49996
97693
20078
96355
98381
94909
69952
66095
49411
56094
42737
66299
19589
30665
5801
21091
78462
76026
10850
47169
93392
91270
14496
16019
43414
90750
90508
99413
20128
24742
84405
4815
38452
54018
86565
93512
89085
99272
78927
45483
81999
89195
43923
25498
66492
90415
29873
3486
79304
64815
47297
60213
51712
61244
32992
81244
34314
74028
36443
91188
58961
39184
48122
47240
87019
14396
96274
16799
25798
61973
82132
94822
2868
21420
89602
61931
42121
46770
41156
23269
1619
38734
72457
59456
48463
7789
66147
11283
6628
89264
99145
57635
50845
35605
45305
55457
46079
7737
1440
24139
7640
14812
86744
90678
74781
46528
51539
9075
296
25436
80216
83908
71803
97184
77170
46220
3514
13133
39058
12789
6570
10556
15210
66062
51437
36541
15819
64695
96582
99683
7225
87661
42713
10297
54984
31249
93926
90115
48797
16097
90896
98852
50918
60887
65381
1696
92833
54472
54673
18168
44569
28210
95206
47880
40172
95092
74684
98000
36826
31173
70812
71888
66963
66082
78336
86987
63998
11369
4134
98180
99529
47953
60663
26932
26362
71725
12231
44006
60852
40420
2541
32425
54449
47776
67455
17505
30646
40917
36845
47950
17787
90815
72600
89899
186
74774
70543
96397
22508
60139
91686
5041
4922
7252
21255
95746
34283
83558
28081
52530
36292
48095
22292
24755
26250
82952
6000
44896
24848
57037
65867
34420
39145
50228
77350
36351
65629
58824
40093
32173
29807
4293
75430
18662
32532
40848
49761
27983
99310
25729
22617
9339
60089
1011
37925
75615
80097
87363
10228
2209
48658
24239
92835
69805
33095
26787
81336
97649
97867
14142
16909
16903
65524
87610
75440
15572
5552
27966
6503
71183
60568
51113
75920
93067
59085
64962
8651
4574
56753
41490
38957
49413
24646
27060
65852
90033
22133
68847
15722
83621
76507
6594
95178
76601
79305
69791
39716
29313
2430
26024
51258
69035
17507
76556
31281
38679
75188
85188
46050
25962
28091
85435
39863
54772
95871
49892
40680
60007
91064
66166
77557
18724
35337
22772
39561
86385
65978
22817
91330
68063
21724
83498
18467
94543
68112
63530
88972
71986
30951
41118
35800
93526
46669
33347
68449
24083
43064
57663
77528
54857
60896
59631
48566
98096
34406
69335
48882
8535
32181
4754
99490
91497
29108
19483
17105
8667
87946
1701
72782
86460
90708
29916
60833
52792
33254
47369
87398
84588
89259
70840
92056
83400
26792
89321
55485
81325
69207
24606
74647
50694
92422
92998
26003
11201
77813
9317
91786
12874
62460
23270
70692
21069
40659
98070
7954
59077
1764
42341
68626
85069
5320
19338
96397
39357
50592
27784
7516
59584
72241
13147
39294
98252
98444
14526
24232
61828
24522
37767
69179
27455
34867
14434
39304
75653
29875
24480
13802
91172
67449
93500
56853
29499
67675
78565
87670
28281
68059
312
78744
53781
71036
96960
44974
35994
19455
23844
25551
57135
89722
45003
5430
87708
82497
42908
69801
32606
43215
38687
23495
48894
92706
46389
16241
90784
33112
47524
5489
70067
43070
14559
69250
88093
48204
43429
56595
80528
92918
1280
49174
31585
57987
72577
47849
16020
2797
25591
46816
6576
82379
29840
37978
86495
52557
12347
9232
2583
24277
76531
57618
85934
79233
40290
58015
51811
73295
46880
62355
55236
25525
14173
54788
34529
86995
25353
9265
74478
34172
68763
85776
40467
72697
19752
85932
93767
6623
62317
59641
69318
21053
52684
59981
92074
19252
97378
30362
69503
38056
12089
29308
82566
60462
61118
20362
86194
34040
50313
7841
81710
11282
46184
46836
17234
67179
73329
76012
76105
78548
65622
61795
5802
52775
40334
63024
69133
40989
24659
71389
47591
2074
48529
93049
23853
54106
81210
60812
24979
59786
63362
97817
24269
39444
12208
63850
18168
9105
34877
58828
37151
31616
62216
13011
83912
64764
64844
49626
82347
66174
57442
36857
32863
33600
28258
2533
26759
32576
57709
12191
16953
170
68039
98546
36818
54998
10843
23100
61437
14264
19335
75568
188
27986
18023
79292
78730
79854
67721
33059
64086
760
83341
85530
95769
76309
35427
83500
8239
10357
81509
99028
87000
10794
83459
52816
29878
36512
92212
13938
37055
30958
5608
32828
24450
11491
47691
92434
33856
91545
35813
83618
94389
16728
80255
34496
79773
26305
68545
51599
71246
52575
84651
79741
2088
71742
96234
57711
46113
32714
7065
58700
65437
80155
61579
33545
96439
86480
36209
57901
10748
77622
75878
36390
12620
40882
25351
64483
16275
94748
15862
30575
81504
83083
37130
57191
30013
38945
14553
35220
19057
39926
89709
20976
7583
80772
86034
57404
69373
51202
23261
15549
66672
94317
78791
55133
85443
46930
97104
46929
5221
56963
35074
80328
38571
44839
98351
83255
31152
47195
84556
65230
50385
36799
38197
44376
19511
20648
97596
54037
26368
86661
99754
60120
76083
26374
21696
13680
54738
73619
51762
66993
87757
84440
94715
18593
35037
60139
93684
88918
89447
88995
74832
97441
85226
30143
